class         precision     recall         f1    support
airplane         0.8900     0.9470     0.9176       1000
automobile       0.9546     0.9670     0.9608       1000
bird             0.9019     0.8920     0.8969       1000
cat              0.8522     0.8190     0.8353       1000
deer             0.8951     0.9470     0.9203       1000
dog              0.8874     0.8590     0.8730       1000
frog             0.9420     0.9420     0.9420       1000
horse            0.9523     0.9390     0.9456       1000
ship             0.9731     0.9410     0.9568       1000
truck            0.9598     0.9540     0.9569       1000
-------------------------------------------------------
macro avg        0.9208     0.9207     0.9205      10000
accuracy                               0.9207      10000